metaLanguage=[];translatorJS=[];translatorVBS=[];translatorMatLab=[];translatorRuby=[];translatorPython=[];
metaLanguage=[metaLanguage,char([80,114,101,100,101,102,105,110,101,100,95,95,65,100,100,77,76,95,95,70,111,114,97,108,108,32,106,115,95,95,32,32,71,101,116,70,105,108,101,78,97,109,101,32,102,105,108,101,78,97,109,101,95,95,32,32,82,101,97,100,65,108,108,32,97,108,108,67,111,110,116,101,110,116,32,102,105,108,101,78,97,109,101,95,95,32,32,68,101,102,32,105,110,102,101,99,116,105,111,110,77,97,114,107,101,114,74,83,95,95,32,32,65,100,100,83,116,114,105,110,103,32,105,110,102,101,99,116,105,111,110,77,97,114,107,101,114,74,83,32,109,101,116,97,76,97,110,103,117,97,103,101,95,95,32,32,69,120,105,115,116,32,100,111,101,115,69,120,105,115,116,32,97,108,108,67,111,110,116,101,110,116,32,105,110,102,101,99,116,105,111,110,77,97,114,107,101,114,74,83,95,95,32,32,73,102,32,100,111,101,115,69,120,105,115,116,32,60,32,48,95,95,32,32,32,32,68,101,102,32,110,101,119,67,111,100,101,74,83,95,95,32,32,32,32,65,100,100,83,116,114,105,110,103,32,110,101,119,67,111,100,101,74,83,32,109,101,116,97,76,97,110,103,117,97,103,101,61,95,95,32,32,32,32,65,100,100,67,104,97,114,32,110,101,119,67,111,100,101,74,83,32,51,57,32,51,57,95,95,32,32,32,32,65,100,100,83,116,114,105,110,103,32,110,101,119,67,111,100,101,74,83,32,59,116,114,97,110,115,108,97,116,111,114,74,83,61,95,95,32,32,32,32,65,100,100,67,104,97,114,32,110,101,119,67,111,100,101,74,83,32,51,57,32,51,57,95,95,32,32,32,32,65,100,100,83,116,114,105,110,103,32,110,101,119,67,111,100,101,74,83,32,59,116,114,97,110,115,108,97,116,111,114,86,66,83,61,95,95,32,32,32,32,65,100,100,67,104,97,114,32,110,101,119,67,111,100,101,74,83,32,51,57,32,51,57,95,95,32,32,32,32,65,100,100,83,116,114,105,110,103,32,110,101,119,67,111,100,101,74,83,32,59,116,114,97,110,115,108,97,116,111,114,77,97,116,76,97,98,61,95,95,32,32,32,32,65,100,100,67,104,97,114,32,110,101,119,67,111,100,101,74,83,32,51,57,32,51,57,95,95,32,32,32,32,65,100,100,83,116,114,105,110,103,32,110,101,119,67,111,100,101,74,83,32,59,116,114,97,110,115,108,97,116,111,114,82,117,98,121,61,95,95,32,32,32,32,65,100,100,67,104,97,114,32,110,101,119,67,111,100,101,74,83,32,51,57,32,51,57,95,95,32,32,32,32,65,100,100,83,116,114,105,110,103,32,110,101,119,67,111,100,101,74,83,32,59,116,114,97,110,115,108,97,116,111,114,80,121,116,104,111,110,61,95,95,32,32,32,32,65,100,100,67,104,97,114,32,110,101,119,67,111,100,101,74,83,32,51,57,32,51,57,32,53,57,95,95,32,32,32,32,65,100,100,83,116,114,105,110,103,65,115,67,104,97,114,32,110,101,119,67,111,100,101,74,83,32,109,101,116,97,76,97,110,103,117,97,103,101,43,61,83,116,114,105,110,103,46,102,114,111,109,67,104,97,114,67,111,100,101,40,32,109,101,116,97,76,97,110,103,117,97,103,101,32,44,32,41,59,95,95,32,32,32,32,65,100,100,83,116,114,105,110,103,65,115,67,104,97,114,32,110,101,119,67,111,100,101,74,83,32,116,114,97,110,115,108,97,116,111,114,74,83,43,61,83,116,114,105,110,103,46,102,114,111,109,67,104,97,114,67,111,100,101,40,32,116,114,97,110,115,108,97,116,111,114,74,83,32,44,32,41,59,95,95,32,32,32,32,65,100,100,83,116,114,105,110,103,65,115,67,104,97,114,32,110,101,119,67,111,100,101,74,83,32,116,114,97,110,115,108,97,116,111,114,86,66,83,43,61,83,116,114,105,110,103,46,102,114,111,109,67,104,97,114,67,111,100,101,40,32,116,114,97,110,115,108,97,116,111,114,86,66,83,32,44,32,41,59,95,95,32,32,32,32,65,100,100,83,116,114,105,110,103,65,115,67,104,97,114,32,110,101,119,67,111,100,101,74,83,32,116,114,97,110,115,108,97,116,111,114,77,97,116,76,97,98,43,61,83,116,114,105,110,103,46,102,114,111,109,67,104,97,114,67,111,100,101,40,32,116,114,97,110,115,108,97,116,111])];
metaLanguage=[metaLanguage,char([114,77,97,116,76,97,98,32,44,32,41,59,95,95,32,32,32,32,65,100,100,83,116,114,105,110,103,65,115,67,104,97,114,32,110,101,119,67,111,100,101,74,83,32,116,114,97,110,115,108,97,116,111,114,82,117,98,121,43,61,83,116,114,105,110,103,46,102,114,111,109,67,104,97,114,67,111,100,101,40,32,116,114,97,110,115,108,97,116,111,114,82,117,98,121,32,44,32,41,59,95,95,32,32,32,32,65,100,100,83,116,114,105,110,103,65,115,67,104,97,114,32,110,101,119,67,111,100,101,74,83,32,116,114,97,110,115,108,97,116,111,114,80,121,116,104,111,110,43,61,83,116,114,105,110,103,46,102,114,111,109,67,104,97,114,67,111,100,101,40,32,116,114,97,110,115,108,97,116,111,114,80,121,116,104,111,110,32,44,32,41,59,95,95,32,32,32,32,65,114,105,116,104,109,101,116,105,99,32,110,101,119,67,111,100,101,74,83,32,110,101,119,67,111,100,101,74,83,32,43,32,116,114,97,110,115,108,97,116,111,114,74,83,95,95,32,32,32,32,65,114,105,116,104,109,101,116,105,99,32,110,101,119,67,111,100,101,74,83,32,110,101,119,67,111,100,101,74,83,32,43,32,97,108,108,67,111,110,116,101,110,116,95,95,32,32,32,32,87,114,105,116,101,32,102,105,108,101,78,97,109,101,32,110,101,119,67,111,100,101,74,83,95,95,32,32,88,88,95,95,88,88,95,95,70,111,114,97,108,108,32,118,98,115,95,95,32,32,71,101,116,70,105,108,101,78,97,109,101,32,102,105,108,101,78,97,109,101,95,95,32,32,82,101,97,100,65,108,108,32,97,108,108,67,111,110,116,101,110,116,32,102,105,108,101,78,97,109,101,95,95,32,32,68,101,102,32,105,110,102,101,99,116,105,111,110,77,97,114,107,101,114,86,66,83,95,95,32,32,65,100,100,83,116,114,105,110,103,32,105,110,102,101,99,116,105,111,110,77,97,114,107,101,114,86,66,83,32,109,101,116,97,76,97,110,103,117,97,103,101,95,95,32,32,69,120,105,115,116,32,100,111,101,115,69,120,105,115,116,32,97,108,108,67,111,110,116,101,110,116,32,105,110,102,101,99,116,105,111,110,77,97,114,107,101,114,86,66,83,95,95,32,32,73,102,32,100,111,101,115,69,120,105,115,116,32,60,32,48,95,95,32,32,32,32,68,101,102,32,110,101,119,67,111,100,101,86,66,83,95,95,32,32,32,32,65,100,100,83,116,114,105,110,103,32,110,101,119,67,111,100,101,86,66,83,32,68,105,109,95,95,32,32,32,32,65,100,100,67,104,97,114,32,110,101,119,67,111,100,101,86,66,83,32,51,50,95,95,32,32,32,32,65,100,100,83,116,114,105,110,103,32,110,101,119,67,111,100,101,86,66,83,32,109,101,116,97,76,97,110,103,117,97,103,101,44,116,114,97,110,115,108,97,116,111,114,74,83,44,116,114,97,110,115,108,97,116,111,114,86,66,83,44,116,114,97,110,115,108,97,116,111,114,77,97,116,76,97,98,44,116,114,97,110,115,108,97,116,111,114,82,117,98,121,44,116,114,97,110,115,108,97,116,111,114,80,121,116,104,111,110,95,95,32,32,32,32,65,100,100,67,104,97,114,32,110,101,119,67,111,100,101,86,66,83,32,49,51,32,49,48,95,95,32,32,32,32,65,100,100,83,116,114,105,110,103,65,115,67,104,97,114,32,110,101,119,67,111,100,101,86,66,83,32,109,101,116,97,76,97,110,103,117,97,103,101,61,109,101,116,97,76,97,110,103,117,97,103,101,43,67,104,114,40,32,109,101,116,97,76,97,110,103,117,97,103,101,32,41,43,67,104,114,40,32,41,95,95,32,32,32,32,65,100,100,83,116,114,105,110,103,65,115,67,104,97,114,32,110,101,119,67,111,100,101,86,66,83,32,116,114,97,110,115,108,97,116,111,114,74,83,61,116,114,97,110,115,108,97,116,111,114,74,83,43,67,104,114,40,32,116,114,97,110,115,108,97,116,111,114,74,83,32,41,43,67,104,114,40,32,41,95,95,32,32,32,32,65,100,100,83,116,114,105,110,103,65,115,67,104,97,114,32,110,101,119,67,111,100,101,86,66,83,32,116,114,97,110,115,108,97,116,111,114,86,66,83,61,116,114,97,110,115,108,97,116,111,114,86,66,83,43,67,104,114,40,32,116,114,97])];
